1000
5 47 9
44 35 57
9 76 39
87 28 17
52 79 95
46 54 18
72 45 65
95 62 96
52 68 11
7 83 47
72 9 77
57 52 31
44 7 12
58 36 22
82 70 56
1 94 5
60 38 13
63 97 5
48 38 28
41 97 37
28 74 83
59 72 79
98 39 27
40 67 34
6 53 79
36 67 58
3 82 67
50 27 13
5 97 10
64 38 29
75 9 23
76 27 10
36 42 44
47 27 41
37 29 63
27 23 72
94 62 11
55 98 32
75 97 39
100 91 18
84 53 47
15 90 92
54 73 68
28 62 38
98 23 27
93 26 48
63 18 95
52 44 12
66 17 16
16 66 96
56 6 32
64 81 11
41 58 27
87 37 39
38 18 100
87 12 14
86 33 83
66 90 100
26 2 42
14 84 31
34 78 66
65 69 32
75 40 70
25 40 82
11 30 40
42 33 100
55 58 79
2 76 15
87 20 40
46 18 82
32 67 10
49 32 95
38 20 36
30 83 16
56 22 38
34 59 57
94 24 53
16 35 59
59 46 2
100 84 31
84 1 80
6 23 99
3 19 75
83 56 97
3 38 18
78 12 41
48 16 37
100 31 47
49 78 52
51 76 26
27 97 67
93 61 47
4 47 1
80 46 30
49 18 95
4 86 31
52 79 8
42 8 52
48 86 21
15 27 85
95 88 7
37 73 10
50 22 86
25 76 48
21 88 44
96 44 13
7 38 80
70 35 42
9 100 8
71 75 75
19 77 72
16 48 34
47 27 8
12 55 55
23 3 100
53 86 23
14 58 26
31 9 97
19 80 12
10 36 76
52 39 2
24 26 19
37 87 64
29 11 42
79 70 92
89 48 39
17 78 67
36 22 35
97 70 4
95 23 15
100 89 96
77 67 94
50 36 93
94 20 21
77 83 58
45 70 62
94 30 5
21 6 39
45 83 96
21 81 30
10 32 14
19 8 1
43 89 76
53 76 77
52 71 59
88 7 40
24 98 37
23 21 97
39 5 87
13 35 36
24 66 29
28 11 21
89 11 13
47 52 75
9 3 8
1 42 57
85 16 71
68 76 65
59 98 12
91 22 82
41 87 80
93 73 87
49 73 97
5 42 25
8 78 93
97 87 65
54 69 77
95 22 15
98 96 13
90 24 63
32 10 75
61 95 87
17 26 74
71 75 25
13 78 5
84 63 23
29 90 66
28 89 30
57 53 73
42 12 84
95 33 26
22 28 37
60 24 94
77 41 62
29 16 45
85 85 34
37 43 86
21 52 78
29 72 80
55 71 19
18 89 10
41 98 74
74 3 72
11 45 47
4 38 5
55 68 37
92 10 71
86 82 81
90 47 68
58 20 9
67 7 97
70 57 74
75 91 13
93 54 6
52 96 17
87 81 48
45 62 57
40 29 7
89 8 11
28 100 1
26 7 46
52 56 84
23 79 47
56 30 6
87 47 83
68 88 5
44 52 32
25 24 95
81 3 94
52 90 42
19 59 93
48 21 33
24 84 57
90 72 20
16 15 64
71 83 38
2 42 20
5 66 37
13 94 70
71 35 27
52 33 14
45 61 96
1 87 71
82 65 54
28 1 34
43 81 99
22 20 89
25 69 7
36 41 40
65 34 26
56 61 7
91 35 47
48 39 20
8 64 34
32 77 66
20 18 1
97 7 12
7 84 22
96 97 9
73 5 80
8 87 8
75 28 25
46 74 16
59 89 41
100 39 9
77 21 90
96 23 79
35 68 35
44 68 69
92 4 28
43 72 63
48 69 67
39 43 22
5 77 3
3 98 22
25 55 35
38 73 58
13 55 55
19 13 36
98 41 60
91 48 60
58 20 22
75 97 59
27 23 13
16 39 79
30 41 28
50 91 58
15 74 4
67 60 99
28 53 36
82 20 52
14 78 60
33 84 61
17 42 4
95 59 36
34 14 7
31 32 20
58 63 62
5 92 68
54 72 3
25 12 74
12 3 26
75 71 84
69 11 77
87 66 72
47 85 3
62 46 1
94 11 37
40 5 31
22 64 65
84 5 4
49 43 41
86 89 75
38 68 94
82 87 30
20 39 43
43 97 35
31 20 6
41 88 72
85 12 5
44 5 97
80 25 64
97 10 17
1 7 59
77 89 75
98 83 39
45 12 15
52 23 15
42 93 80
5 5 86
99 58 92
36 69 53
57 41 42
96 95 29
1 13 64
60 5 38
100 1 1
53 61 85
47 68 48
38 31 43
56 56 52
38 86 11
74 27 60
61 11 61
5 85 97
34 72 48
84 79 77
9 77 77
55 82 52
43 24 79
10 19 4
98 87 25
33 61 4
61 85 22
97 48 53
87 21 91
93 85 66
76 78 55
19 23 85
21 99 3
61 58 61
69 3 81
7 79 5
33 24 78
46 25 23
24 89 95
24 81 77
57 58 89
6 26 84
6 54 76
32 47 87
7 52 70
2 94 46
46 4 73
73 41 26
40 32 40
45 38 11
57 26 71
61 53 3
75 93 5
33 20 79
82 47 46
91 83 54
73 66 59
76 21 60
65 77 89
60 83 20
80 70 89
0 57 27
2 72 59
19 71 93
61 87 41
8 7 32
42 67 14
22 97 31
52 72 19
79 48 76
90 14 81
2 48 25
55 55 17
76 5 76
16 46 80
100 23 20
57 28 81
89 74 71
94 29 22
100 45 18
87 78 17
100 97 2
99 10 38
0 42 24
84 58 56
78 28 94
90 98 72
76 82 99
13 69 20
55 94 1
51 72 5
100 76 79
94 30 1
4 87 25
7 56 41
87 15 84
49 35 2
20 94 40
28 75 45
82 45 77
97 82 93
1 73 59
37 2 41
67 45 63
56 87 92
81 64 71
51 26 61
47 25 9
0 99 43
66 22 24
83 53 23
31 57 62
88 58 41
38 4 1
83 15 78
45 94 28
0 44 99
93 62 100
31 8 81
97 61 94
58 12 24
67 94 53
7 52 33
43 47 33
38 55 3
63 53 74
20 41 6
62 67 78
85 7 21
14 30 25
90 37 82
40 31 94
84 18 41
71 28 11
82 56 91
80 32 67
76 47 70
30 5 55
59 43 87
6 10 20
100 31 11
27 61 19
63 74 95
54 83 44
88 17 100
70 16 5
14 19 22
35 72 76
48 55 54
40 58 61
38 42 11
14 89 2
11 10 80
79 31 94
67 12 75
19 53 6
66 96 69
5 21 40
91 61 19
75 52 73
91 24 30
34 16 89
25 23 43
37 17 62
69 96 3
91 2 82
1 55 20
79 94 60
49 79 11
25 17 18
63 39 40
94 75 65
97 16 13
20 71 63
57 76 73
0 65 91
78 12 26
12 72 15
48 62 3
42 93 63
59 31 96
63 47 47
90 67 82
88 40 84
97 14 17
0 15 62
42 65 78
22 45 39
88 5 55
57 66 7
75 53 41
97 10 91
44 27 57
86 7 52
59 30 95
87 5 14
92 7 98
84 30 23
17 73 94
38 13 25
67 19 16
90 70 34
39 72 57
47 88 38
8 47 90
7 54 41
31 37 19
0 89 69
34 78 21
6 12 13
48 19 14
51 57 31
17 55 29
34 5 87
48 59 23
79 88 11
77 23 24
31 15 100
23 35 44
28 2 36
51 32 31
91 86 32
33 60 68
87 57 12
4 25 17
75 18 15
9 67 78
66 15 25
2 64 93
100 27 67
36 98 30
95 29 87
14 60 30
43 54 4
83 25 47
79 29 41
55 77 36
79 91 11
97 58 73
85 74 65
1 95 53
11 5 82
84 24 17
3 66 73
41 54 55
35 35 60
89 37 94
78 31 43
76 23 47
60 29 94
94 41 86
93 37 34
13 62 100
98 4 46
23 68 11
10 87 38
89 42 1
0 39 48
37 33 18
54 47 14
94 54 91
29 81 85
18 66 28
49 42 78
90 69 60
61 56 2
31 11 66
35 62 33
12 85 59
25 47 39
59 22 76
77 89 85
13 28 46
86 92 88
99 70 86
17 89 70
70 44 46
0 34 29
53 70 66
29 37 5
79 74 13
40 76 92
35 8 16
1 81 66
93 8 68
83 88 33
95 85 18
21 84 62
84 74 99
93 21 57
47 2 34
75 18 61
84 79 48
3 96 47
100 66 13
12 7 78
54 53 91
48 100 7
25 54 15
1 54 73
81 64 70
30 25 5
61 55 7
33 55 85
68 82 88
36 86 34
12 72 83
96 74 56
65 46 89
98 55 70
7 13 7
38 8 35
14 59 83
21 60 67
53 85 73
47 92 81
78 3 72
10 34 81
29 94 95
57 48 78
27 5 38
96 80 66
34 26 6
81 16 88
85 71 33
85 9 98
41 5 75
49 37 81
100 54 94
54 8 62
47 32 85
41 85 26
46 65 73
83 77 15
28 88 81
29 25 59
2 57 53
60 81 83
2 20 12
91 9 77
12 24 3
35 55 63
32 94 82
30 5 25
63 42 23
76 70 22
37 62 67
44 71 96
60 4 61
97 37 34
0 53 42
69 18 21
96 67 6
54 98 4
4 57 29
39 81 80
41 9 44
57 87 8
89 48 41
6 37 12
74 86 76
100 84 72
34 68 35
99 92 60
84 32 46
25 61 69
14 65 87
50 20 90
8 59 6
36 32 85
7 29 92
57 64 92
91 74 34
46 83 61
24 57 9
73 93 3
51 52 94
91 96 80
64 20 30
67 3 26
79 8 72
32 74 85
61 6 25
51 22 21
28 13 37
47 66 45
22 21 46
80 74 70
81 88 84
62 90 75
9 67 98
80 60 28
49 60 88
65 77 35
0 33 60
94 13 95
41 12 92
97 24 78
84 63 8
49 97 30
99 60 89
74 86 67
58 58 81
21 26 87
81 45 30
47 1 94
0 71 40
4 80 61
56 84 29
33 56 65
6 97 77
37 13 100
7 13 96
45 24 7
2 77 57
55 71 46
8 90 85
29 36 86
82 55 91
4 47 5
60 57 42
17 36 76
16 43 68
55 12 25
97 88 98
86 41 9
100 89 76
69 82 83
80 2 41
46 38 10
48 77 79
83 83 38
72 53 57
23 60 91
61 65 100
75 76 37
30 94 18
70 25 2
22 84 76
28 37 95
16 86 46
36 87 6
85 33 65
16 74 2
75 63 74
99 77 4
83 41 63
45 54 78
77 46 98
12 39 71
97 96 54
35 64 17
36 64 15
38 92 85
39 68 89
60 2 68
55 47 53
7 21 17
81 38 96
45 3 87
66 30 100
47 12 95
0 68 90
17 52 13
99 13 4
42 67 86
100 17 30
10 38 38
7 62 58
78 92 39
62 57 13
40 29 19
50 66 61
58 91 89
32 46 61
2 93 86
94 29 61
53 3 4
54 84 77
53 28 74
92 38 94
100 61 33
99 91 5
9 72 95
79 46 84
4 99 54
6 74 68
67 60 11
13 9 38
64 76 28
57 71 100
20 11 46
4 92 13
83 62 4
86 14 22
64 16 62
62 86 17
27 81 7
100 60 84
30 15 68
6 36 66
8 44 91
66 43 12
81 79 13
0 55 55
96 31 25
89 84 47
30 64 56
16 10 4
71 86 34
55 93 15
0 27 62
19 54 59
56 83 72
10 9 17
40 9 35
2 100 54
53 5 47
55 36 81
2 36 39
23 66 83
80 94 17
12 9 17
89 41 20
73 43 35
68 45 5
66 92 12
19 67 40
31 11 98
51 16 84
31 40 41
20 46 39
45 4 63
24 1 68
6 56 93
51 36 99
100 87 47
81 40 43
90 69 64
66 89 30
15 73 20
63 5 13
9 10 84
15 81 62
20 56 69
67 73 45
12 100 82
6 90 7
94 7 87
56 57 34
65 83 43
92 67 54
17 32 44
19 25 7
72 15 93
47 74 14
59 82 94
19 77 96
92 100 81
35 57 4
24 64 84
67 67 62
34 85 73
4 45 66
58 27 76
34 92 69
84 98 55
30 17 52
26 26 94
92 80 87
31 46 91
45 58 69
2 47 93
57 61 15
26 54 1
11 60 98
73 7 6
22 14 70
69 74 98
80 80 99
88 55 34
78 28 15
86 15 32
100 28 10
58 85 42
24 57 38
43 41 16
10 67 92
73 100 14
38 27 52
41 97 68
99 99 99
36 60 91
31 43 35
91 86 25
87 63 16
83 21 71
64 82 82
81 58 33
63 38 11
62 46 8
23 24 41
100 18 7
66 16 67
22 95 30
26 91 40
12 71 89
50 78 61
24 8 15
16 20 69
72 73 82
35 71 80
40 47 81
15 87 67
19 87 86
67 23 25
88 93 40
28 81 52
25 68 86
34 9 32
100 64 45
13 99 9
90 63 36
70 67 75
75 46 17
1 45 6
18 82 44
54 7 5
5 20 37
33 6 28
31 3 8
55 83 24
69 77 100
33 58 9
22 75 38
89 99 82
57 14 13
1 28 70
16 11 38
33 35 34
69 25 52
61 9 64
36 12 28
57 76 70
97 69 86
59 96 91
19 32 69
97 40 88
100 47 93
74 32 14
61 12 61
89 80 24
72 83 63
60 34 72
31 9 89
97 40 45
43 86 20
4 95 82
13 98 74
61 89 91
4 11 83
25 63 58
20 98 70
55 32 37
98 22 42
73 91 41
70 93 6
40 79 88
64 85 30
85 96 27
30 74 67
51 39 32
75 56 53
12 83 57
32 27 27
55 4 97
84 26 67
60 86 100
71 52 15
44 62 13
86 75 33
33 12 86
13 64 42
